65.0389
71.09
89.0387
91.0542
103.0542
109.1011
117.0573
118.074
118.121
130.0651
130.1667
131.0708
132.0445
132.1399
137.1406
142.0523
142.0652
143.0729
143.0836
143.0889
144.0448
144.1076
144.1417
146.0602
146.0689
147.0843
147.1304
158.06
159.1195
160.0758
161.0725
161.0858
161.1007
161.1139
161.151
162.0757
167.0993
168.0747
169.0762
170.0602
171.0651
171.0702
171.0918
173.0859
173.0961
175.112
177.0809
186.2216
188.0707
189.0717
190.1019
190.1435
194.154
203.0813
203.0834
203.1018
204.0656
205.1102
205.1225
206.1306
206.1754
208.1699
209.0442
210.0995
219.0913
221.0701
223.086
229.0971
233.1253
289.0009
299.0856
301.1069
307.0163
319.0384
321.0321
353.2222
353.2617
355.1729
367.2388
377.1491
383.2327
383.2743
384.1063
409.2013
413.1756
465.1004
480.3444
591.2819
650.2924
669.1912
757.331
895.3717
1048.4474
