102.0373
103.0541
104.0428
117.0547
122.0267
132.0117
134.06
148.0569
149.074
152.07
157.047
162.0576
164.0919
164.1061
168.0477
169.0969
169.1119
170.0251
178.0702
183.0753
186.0574
187.0542
190.0528
190.1069
201.0696
206.0299
206.0479
208.064
210.0584
211.1061
225.0675
228.0502
230.1858
230.2185
231.1496
232.0961
232.5949
238.0572
239.1397
240.0673
249.0704
251.0491
251.0519
253.0639
255.0796
257.1264
257.1494
261.0703
271.0753
273.0633
273.143
275.1729
277.0654
279.115
279.1347
285.0899
285.1257
297.0886
299.1045
299.1408
315.0995
316.1134
335.1434
340.1423
356.1599
356.1998
376.042
378.1471
378.1513
378.2019
383.0736
383.1028
384.1687
384.5646
400.1547
405.5707
418.1803
428.0373
428.1945
436.1255
438.0797
443.5864
448.1258
452.1403
452.158
463.1331
463.1802
463.2368
463.7092
474.0821
474.5832
498.1471
508.0049
555.1426
555.1903
555.6432
647.1933
768.1239
886.1634
907.167
925.2299
930.1816
936.1661
